# Parameters:
# (Omega_m)*h^2 = 0.143050, (Omega_b)*h^2 = 0.022032, n_s = 0.961900, sigma_8 = 0.834700, w = -1.000000
# z = 0.000000
#
# sound horizon: 144.419 Mpc
# z_lss: 1092.41
# d_lss from CMB: 13901.3 Mpc
# dimensionless Hubble parameter derived from CMB constraint: 0.666
#
# k[1/Mpc] P(k):
0.004833 63186.683078 
0.006835 74760.707995 
0.008371 79900.423983 
0.009666 82223.881247 
0.010810 83028.706973 
0.011840 83038.852834 
0.014260 80598.082918 
0.015280 78698.224108 
0.016210 76688.560227 
0.017860 72862.973324 
0.019330 69271.925934 
0.020170 67157.067549 
0.021340 64200.745161 
0.022320 61775.545842 
0.023680 58545.438516 
0.024650 56367.541284 
0.026210 53096.113235 
0.027680 50318.762362 
0.028530 48859.342561 
0.029700 47023.235143 
0.031000 45199.138652 
0.032200 43684.320383 
0.032880 42888.033243 
0.034240 41411.314763 
0.035550 40122.273465 
0.036860 38957.502368 
0.037950 38077.250568 
0.039290 37095.941825 
0.040400 36355.305372 
0.041640 35584.914291 
0.042940 34819.225623 
0.044150 34121.451882 
0.045430 33381.194309 
0.046610 32679.735250 
0.047820 31934.061929 
0.048930 31224.966587 
0.050310 30301.709939 
0.051560 29437.953767 
0.052380 28860.943998 
0.053780 27855.083600 
0.055130 26883.134250 
0.056280 26060.696910 
0.057350 25307.068405 
0.058700 24380.750686 
0.059890 23594.282496 
0.061140 22803.878147 
0.062260 22130.196767 
0.063400 21480.960278 
0.064800 20735.630718 
0.066010 20138.107109 
0.067250 19570.602528 
0.068290 19128.906855 
0.069590 18618.734708 
0.070710 18215.084387 
0.071920 17812.235596 
0.073070 17462.198806 
0.074120 17164.596561 
0.075500 16805.344998 
0.076630 16533.963281 
0.077910 16246.699666 
0.079130 15990.480695 
0.080280 15760.348045 
0.081380 15548.432921 
0.082720 15297.505566 
0.084060 15051.560816 
0.085340 14817.140957 
0.086540 14597.135924 
0.087600 14400.260072 
0.089000 14136.141925 
0.090090 13927.077483 
0.091130 13724.671562 
0.092400 13472.352707 
0.093580 13235.311911 
0.094960 12955.798491 
0.096080 12727.942241 
0.097280 12484.445257 
0.098530 12233.206602 
0.099740 11993.717498 
0.100900 11769.004148 
0.102100 11542.896101 
0.103400 11306.492411 
0.104600 11097.051273 
0.105700 10912.912013 
0.106900 10721.921303 
0.108200 10525.852226 
0.109400 10355.081071 
0.110500 10206.401959 
0.111700 10053.655100 
0.113000 9897.825520 
0.114200 9761.966250 
0.115300 9643.320197 
0.116600 9510.548128 
0.117800 9393.444029 
0.119000 9280.727084 
0.120100 9181.175935 
0.121300 9075.408771 
0.122700 8955.324477 
0.123900 8854.447033 
0.125100 8755.237527 
0.126300 8656.863258 
0.127600 8551.458483 
0.128800 8454.718692 
0.130000 8358.509838 
0.131100 8270.547270 
0.132400 8167.235661 
0.133600 8072.102270 
0.134700 7985.581354 
0.136000 7883.605150 
0.137200 7790.530618 
0.138400 7698.143454 
0.139600 7606.879141 
0.140800 7516.906995 
0.142000 7428.218662 
0.143300 7333.979262 
0.144400 7255.802598 
0.145600 7172.350722 
0.146900 7084.108824 
0.148000 7011.357823 
0.149200 6934.176732 
0.150400 6859.098620 
0.151600 6786.113464 
0.152800 6715.464214 
0.154000 6646.941497 
0.155200 6580.379804 
0.156400 6515.705430 
0.157700 6447.868570 
0.158900 6386.949026 
0.160100 6327.537073 
0.161300 6269.508245 
0.162500 6212.770075 
0.163800 6152.570738 
0.165000 6098.009045 
0.166200 6044.330347 
0.167400 5991.444936 
0.168500 5943.589334 
0.169800 5887.718081 
0.171000 5836.777086 
0.172200 5786.430198 
0.173400 5736.666749 
0.174600 5687.488828 
0.175900 5634.891415 
0.177100 5586.968884 
0.178300 5539.677768 
0.179500 5493.033680 
0.180700 5447.081579 
0.181900 5401.841466 
0.183000 5361.009558 
0.184200 5317.183076 
0.185500 5270.556998 
0.186700 5228.304620 
0.187900 5186.812102 
0.189100 5146.074802 
0.190300 5106.079894 
0.191500 5066.814490 
0.192700 5028.260309 
0.193900 4990.395942 
0.195200 4950.122436 
0.196300 4916.630007 
0.197500 4880.682766 
0.198800 4842.397074 
0.200000 4807.636474 
0.201300 4770.575999 
0.202300 4742.472032 
0.203600 4706.441880 
0.204900 4670.952218 
0.206000 4641.330593 
0.207200 4609.424633 
0.208400 4577.934293 
0.209700 4544.271055 
0.210900 4513.606162 
0.212100 4483.322679 
0.213300 4453.418844 
0.214500 4423.891949 
0.215700 4394.739243 
0.216900 4365.957719 
0.218100 4337.549823 
0.219300 4309.515303 
0.220600 4279.564931 
0.221800 4252.307327 
0.223000 4225.425288 
0.224100 4201.127781 
0.225400 4172.817165 
0.226500 4149.209899 
0.227700 4123.818644 
0.229000 4096.735149 
0.230200 4072.121900 
0.231400 4047.893585 
0.232600 4024.048376 
0.233800 4000.566471 
0.235000 3977.441668 
0.236200 3954.669177 
0.237400 3932.242391 
0.238600 3910.187210 
0.239900 3886.667870 
0.241000 3867.067061 
0.242200 3845.986251 
0.243500 3823.498331 
0.244700 3803.063750 
0.245900 3782.932115 
0.247100 3763.078427 
0.248300 3743.493978 
0.249600 3722.575747 
0.250800 3703.541316 
0.252000 3684.753387 
0.253200 3666.197959 
0.254400 3647.868734 
0.255600 3629.761356 
0.256800 3611.865655 
0.258000 3594.171248 
0.259200 3576.672250 
0.260400 3559.361289 
0.261600 3542.229391 
0.262800 3525.271980 
0.264100 3507.094020 
0.265200 3491.859526 
0.266400 3475.386970 
0.267600 3459.070772 
0.268800 3442.907413 
0.270100 3425.545669 
0.271200 3410.985039 
0.272500 3393.931014 
0.273700 3378.327011 
0.274900 3362.844222 
0.276100 3347.495909 
0.277300 3332.281243 
0.278500 3317.171804 
0.279700 3302.192098 
0.280900 3287.341920 
0.282100 3272.597713 
0.283400 3256.761930 
0.284600 3242.272050 
0.285800 3227.895808 
0.287000 3213.629548 
0.288200 3199.486203 
0.289400 3185.456398 
0.290600 3171.534643 
0.291900 3156.588081 
0.293000 3144.045647 
0.294200 3130.465756 
0.295400 3117.006103 
0.296700 3102.549759 
0.297900 3089.318615 
0.299000 3077.295335 
0.300300 3063.203145 
0.301500 3050.310579 
0.302700 3037.534419 
0.303800 3025.915936 
0.305000 3013.350914 
0.306300 2999.864547 
0.307500 2987.527303 
0.308700 2975.302867 
0.309900 2963.186551 
0.311100 2951.178109 
0.312300 2939.279793 
0.313500 2927.488171 
0.314700 2915.802769 
0.316000 2903.263136 
0.317200 2891.798549 
0.318400 2880.439163 
0.319600 2869.182576 
0.320800 2858.027919 
0.322000 2846.975591 
0.323200 2836.025166 
0.324400 2825.175290 
0.325700 2813.530614 
0.326900 2802.884361 
0.328100 2792.334523 
0.329200 2782.749283 
0.330500 2771.522871 
0.331700 2761.257101 
0.332900 2751.083483 
0.334100 2741.000502 
0.335400 2730.180212 
0.336500 2721.106230 
0.337700 2711.291616 
0.338900 2701.563324 
0.340200 2691.120541 
0.341400 2681.568475 
0.342500 2672.885325 
0.343800 2662.712892 
0.345000 2653.407677 
0.346200 2644.181481 
0.347400 2635.034338 
0.348600 2625.963931 
0.349800 2616.969735 
0.351000 2608.051157 
0.352200 2599.205180 
0.353400 2590.434520 
0.354600 2581.734151 
0.355800 2573.106606 
0.357100 2563.836776 
0.358300 2555.353363 
0.359500 2546.936650 
0.360700 2538.587107 
0.361900 2530.303103 
0.363100 2522.083864 
0.364300 2513.929067 
0.365600 2505.164329 
0.366700 2497.807261 
0.368000 2489.175452 
0.369200 2481.273718 
0.370400 2473.427719 
0.371600 2465.644473 
0.372800 2457.915124 
0.374000 2450.246191 
0.375200 2442.630382 
0.376400 2435.072753 
0.377600 2427.566929 
0.378800 2420.117715 
0.380000 2412.719507 
0.381200 2405.375940 
0.382400 2398.081991 
0.383600 2390.841407 
0.384900 2383.052405 
0.386000 2376.508858 
0.387200 2369.416008 
0.388500 2361.788344 
0.389600 2355.376881 
0.390900 2347.852252 
0.392100 2340.954303 
0.393300 2334.103888 
0.394500 2327.296962 
0.395700 2320.537343 
0.396900 2313.820209 
0.398200 2306.595237 
0.399400 2299.969021 
0.400500 2293.936322 
0.401800 2286.847862 
0.403000 2280.352838 
0.404200 2273.894286 
0.405400 2267.482702 
0.406600 2261.104913 
0.407800 2254.775070 
0.409000 2248.476790 
0.410200 2242.224866 
0.411400 2236.005834 
0.412700 2229.317883 
0.413900 2223.179030 
0.415100 2217.082184 
0.416200 2211.522802 
0.417500 2204.994925 
0.418700 2199.006367 
0.419900 2193.053799 
0.421100 2187.138895 
0.422300 2181.255710 
0.423500 2175.412592 
0.424700 2169.597695 
0.425900 2163.824880 
0.427100 2158.077413 
0.428400 2151.896609 
0.429500 2146.692023 
0.430700 2141.049732 
0.432000 2134.972817 
0.433200 2129.396961 
0.434400 2123.854294 
0.435600 2118.340089 
0.436800 2112.863136 
0.438000 2107.409723 
0.439200 2101.994235 
0.440400 2096.602830 
0.441700 2090.801176 
0.442900 2085.474089 
0.444100 2080.177657 
0.445300 2074.912286 
0.446500 2069.671907 
0.447700 2064.467157 
0.448900 2059.282149 
0.450100 2054.132166 
0.451300 2049.006014 
0.452500 2043.909069 
0.453700 2038.841007 
0.454900 2033.796731 
0.456200 2028.368413 
0.457300 2023.792580 
0.458500 2018.832585 
0.459700 2013.895279 
0.460900 2008.984666 
0.462200 2003.696449 
0.463400 1998.836931 
0.464600 1994.009202 
0.465800 1989.198571 
0.467000 1984.417986 
0.468200 1979.660687 
0.469400 1974.925960 
0.470600 1970.221111 
0.471900 1965.141946 
0.473000 1960.872289 
0.474200 1956.232990 
0.475500 1951.233815 
0.476700 1946.645888 
0.477900 1942.075618 
0.479100 1937.533826 
0.480300 1933.008905 
0.481500 1928.508731 
0.482700 1924.032631 
0.483900 1919.572989 
0.485200 1914.773077 
0.486400 1910.357674 
0.487500 1906.332462 
0.488800 1901.599504 
0.490000 1897.247512 
0.491200 1892.922490 
0.492400 1888.611999 
0.493600 1884.323812 
0.494800 1880.058909 
0.496000 1875.807352 
0.497200 1871.582075 
0.498400 1867.371853 
0.499600 1863.181568 
0.500800 1859.015685 
0.502000 1854.859787 
0.503200 1850.729115 
0.504400 1846.615549 
0.505700 1842.177729 
0.506900 1838.107158 
0.508100 1834.045622 
0.509300 1830.007041 
0.510500 1825.988148 
0.511700 1821.981056 
0.512900 1817.997800 
0.514200 1813.697342 
0.515400 1809.746833 
0.516500 1806.145893 
0.517800 1801.897854 
0.519000 1797.999612 
0.520200 1794.118848 
0.521400 1790.249773 
0.522600 1786.403234 
0.523800 1782.568120 
0.525000 1778.749692 
0.526200 1774.953472 
0.527400 1771.163218 
0.528700 1767.080676 
0.529900 1763.330011 
0.531000 1759.899882 
0.532300 1755.869048 
0.533500 1752.161883 
0.534700 1748.467679 
0.535900 1744.794494 
0.537100 1741.129456 
0.538300 1737.481296 
0.539500 1733.853861 
0.540700 1730.229917 
0.541900 1726.626109 
0.543100 1723.039904 
0.544300 1719.459757 
0.545500 1715.899147 
0.546800 1712.057488 
0.548000 1708.521415 
0.549200 1705.005343 
0.550400 1701.498558 
0.551600 1698.003983 
0.552800 1694.529147 
0.554000 1691.060615 
0.555200 1687.606787 
0.556400 1684.172076 
0.557600 1680.741361 
0.558800 1677.327177 
0.560100 1673.648422 
0.561300 1670.256060 
0.562500 1666.881692 
0.563700 1663.523394 
0.564900 1660.168416 
0.566100 1656.831564 
0.567300 1653.509394 
0.568500 1650.191504 
0.569700 1646.891513 
0.570900 1643.604769 
0.572200 1640.049920 
0.573400 1636.787017 
0.574600 1633.535222 
0.575700 1630.559787 
0.577000 1627.061743 
0.578200 1623.844045 
0.579400 1620.633084 
0.580600 1617.439010 
0.581800 1614.255135 
0.583000 1611.077398 
0.584200 1607.916346 
0.585400 1604.766046 
0.586600 1601.620985 
0.587800 1598.492414 
0.589000 1595.374750 
0.590300 1592.003060 
0.591500 1588.907585 
0.592700 1585.822130 
0.593900 1582.741649 
0.595100 1579.676570 
0.596300 1576.623348 
0.597500 1573.573306 
0.598700 1570.538487 
0.599900 1567.516616 
0.601200 1564.245319 
0.602300 1561.491128 
0.603600 1558.250789 
0.604800 1555.260633 
0.606000 1552.285693 
0.607200 1549.325202 
0.608400 1546.363952 
0.609600 1543.416799 
0.610800 1540.484619 
0.612000 1537.553497 
0.613200 1534.634142 
0.614400 1531.728913 
0.615600 1528.827808 
0.616800 1525.935174 
0.618000 1523.056853 
0.619200 1520.185665 
0.620500 1517.081161 
0.621700 1514.230075 
0.622800 1511.625210 
0.624000 1508.784881 
0.625300 1505.723490 
0.626500 1502.910186 
0.627700 1500.096422 
0.628900 1497.295840 
0.630100 1494.508712 
0.631400 1491.490375 
0.632500 1488.946438 
0.633800 1485.954059 
0.635000 1483.195821 
0.636200 1480.444794 
0.637400 1477.706939 
0.638600 1474.977161 
0.639800 1472.249976 
0.641000 1469.535495 
0.642200 1466.833464 
0.643400 1464.128971 
0.644600 1461.437386 
0.645800 1458.758315 
0.647100 1455.858465 
0.648300 1453.190308 
0.649500 1450.534205 
0.650700 1447.884879 
0.651800 1445.458547 
0.653100 1442.604537 
0.654300 1439.982475 
0.655500 1437.357579 
0.656700 1434.744828 
0.657900 1432.143834 
0.659100 1429.545949 
0.660300 1426.954119 
0.661500 1424.374260 
0.662700 1421.802905 
0.664000 1419.017943 
0.665200 1416.459452 
0.666400 1413.912108 
0.667600 1411.364580 
0.668800 1408.825660 
0.670000 1406.298429 
0.671200 1403.777379 
0.672400 1401.258240 
0.673600 1398.750359 
0.674900 1396.046304 
0.676000 1393.755734 
0.677300 1391.059998 
0.678500 1388.583050 
0.679700 1386.110935 
0.680900 1383.642172 
0.682100 1381.184083 
0.683300 1378.736620 
0.684500 1376.286977 
0.685700 1373.847374 
0.686900 1371.417980 
0.688100 1368.994118 
0.689400 1366.370967 
0.690500 1364.160942 
0.691700 1361.759959 
0.693000 1359.158979 
0.694200 1356.765906 
0.695400 1354.383125 
0.696600 1352.006939 
0.697800 1349.631168 
0.699000 1347.265599 
0.700200 1344.910184 
0.701400 1342.555943 
0.702600 1340.207491 
0.703800 1337.868475 
0.705000 1335.539701 
0.706300 1333.013476 
0.707500 1330.691971 
0.708700 1328.380085 
0.709900 1326.072269 
0.711100 1323.766869 
0.712300 1321.471320 
0.713500 1319.184953 
0.714700 1316.898872 
0.715900 1314.618837 
0.717200 1312.159618 
0.718400 1309.898087 
0.719600 1307.634148 
0.720800 1305.379854 
0.722000 1303.134853 
0.723200 1300.894415 
0.724400 1298.655311 
0.725600 1296.425114 
0.726800 1294.204403 
0.728000 1291.984869 
0.729200 1289.769658 
0.730400 1287.563549 
0.731600 1285.366503 
0.732800 1283.167892 
0.734000 1280.976234 
0.735200 1278.793566 
0.736500 1276.437340 
0.737700 1274.260754 
0.738900 1272.092778 
0.740100 1269.933681 
0.741300 1267.779728 
0.742500 1265.625619 
0.743700 1263.480322 
0.744900 1261.343493 
0.746200 1259.032356 
0.747300 1257.078434 
0.748500 1254.955268 
0.749800 1252.664690 
0.751000 1250.551457 
0.752200 1248.442236 
0.753400 1246.341314 
0.754600 1244.248657 
0.755800 1242.155687 
0.757000 1240.067837 
0.758200 1237.988189 
0.759400 1235.916709 
0.760600 1233.844060 
0.761900 1231.605166 
0.763000 1229.718402 
0.764200 1227.667549 
0.765500 1225.443976 
0.766700 1223.398235 
0.767900 1221.360507 
0.769100 1219.330756 
0.770300 1217.297772 
0.771500 1215.272355 
0.772700 1213.254560 
0.773900 1211.244654 
0.775100 1209.231565 
0.776300 1207.225666 
0.777500 1205.227599 
0.778700 1203.237036 
0.780000 1201.078045 
0.781200 1199.092434 
0.782400 1197.114270 
0.783600 1195.143522 
0.784800 1193.169561 
0.786000 1191.203023 
0.787200 1189.243552 
0.788400 1187.291711 
0.789600 1185.337530 
0.790900 1183.227341 
0.792000 1181.448648 
0.793300 1179.354301 
0.794500 1177.419408 
0.795700 1175.490334 
0.796900 1173.568430 
0.798100 1171.653669 
0.799300 1169.738070 
0.800500 1167.826997 
0.801700 1165.923018 
0.802900 1164.026017 
0.804100 1162.129759 
0.805300 1160.236383 
0.806500 1158.349967 
0.807700 1156.470454 
0.809000 1154.436845 
0.810200 1152.561437 
0.811400 1150.692883 
0.812600 1148.831098 
0.813800 1146.972978 
0.815000 1145.114687 
0.816200 1143.263062 
0.817400 1141.418164 
0.818600 1139.579125 
0.819800 1137.737545 
0.821000 1135.902562 
0.822200 1134.074208 
0.823500 1132.100880 
0.824700 1130.277196 
0.825900 1128.459136 
0.827100 1126.647577 
0.828300 1124.842466 
0.829500 1123.037747 
0.830700 1121.235800 
0.831900 1119.440260 
0.833100 1117.651073 
0.834300 1115.865216 
0.835500 1114.079112 
0.836800 1112.151267 
0.838000 1110.378245 
0.839200 1108.610883 
0.840400 1106.840830 
0.841600 1105.076939 
0.842800 1103.319243 
0.844000 1101.567691 
0.845200 1099.815765 
0.846400 1098.067135 
0.847600 1096.324555 
0.848800 1094.588057 
0.850000 1092.854746 
0.851300 1090.976898 
0.852500 1089.249710 
0.853700 1087.528515 
0.854900 1085.813236 
0.856100 1084.094976 
0.857300 1082.382383 
0.858500 1080.675640 
0.859700 1078.974755 
0.860900 1077.275007 
0.862100 1075.576829 
0.863300 1073.884473 
0.864500 1072.197861 
0.865700 1070.516534 
0.867000 1068.692384 
0.868200 1067.014518 
0.869400 1065.342313 
0.870600 1063.675802 
0.871800 1062.009379 
0.873000 1060.345386 
0.874200 1058.687000 
0.875400 1057.034200 
0.876600 1055.386027 
0.877800 1053.735630 
0.879000 1052.090760 
0.880200 1050.451423 
0.881500 1048.681607 
0.882700 1047.048271 
0.883900 1045.417264 
0.885100 1043.791653 
0.886300 1042.171449 
0.887500 1040.556255 
0.888700 1038.938305 
0.889900 1037.325703 
0.891100 1035.718457 
0.892300 1034.116494 
0.893500 1032.516237 
0.894700 1030.916550 
0.896000 1029.189490 
0.897200 1027.600738 
0.898400 1026.017172 
0.899600 1024.431622 
0.900800 1022.850199 
0.902000 1021.273934 
0.903200 1019.702809 
0.904400 1018.135208 
0.905600 1016.566185 
0.906800 1015.002247 
0.908000 1013.443376 
0.909300 1011.760307 
0.910500 1010.207314 
0.911700 1008.655994 
0.912900 1007.109640 
0.914100 1005.568289 
0.915300 1004.031896 
0.916500 1002.493728 
0.917700 1000.959305 
0.918900 999.429787 
0.920100 997.905156 
0.921300 996.384717 
0.922500 994.862014 
0.923700 993.344147 
0.925000 991.705238 
0.926200 990.197389 
0.927400 988.691437 
0.928600 987.185493 
0.929800 985.684325 
0.931000 984.187889 
0.932200 982.696170 
0.933400 981.204910 
0.934600 979.715023 
0.935800 978.229827 
0.937000 976.749282 
0.938200 975.273370 
0.939500 973.673787 
0.940700 972.200047 
0.941900 970.730889 
0.943100 969.266351 
0.944300 967.806339 
0.945500 966.344151 
0.946700 964.885835 
0.947900 963.432075 
0.949200 961.862222 
0.950400 960.417178 
0.951600 958.969972 
0.952800 957.527201 
0.954000 956.088906 
0.955200 954.655018 
0.956400 953.224492 
0.957600 951.792244 
0.958800 950.364381 
0.960000 948.940915 
0.961200 947.521779 
0.962400 946.105775 
0.963600 944.688225 
0.964800 943.275010 
0.966000 941.866064 
0.967200 940.461426 
0.968400 939.059882 
0.969600 937.656773 
0.970900 936.141552 
0.972100 934.747286 
0.973300 933.357226 
0.974500 931.969870 
0.975700 930.581325 
0.976900 929.196939 
0.978100 927.816727 
0.979400 926.326169 
0.980500 925.067689 
0.981800 923.578711 
0.983000 922.208551 
0.984200 920.842482 
0.985400 919.480487 
0.986600 918.121641 
0.987800 916.761081 
0.989000 915.404564 
0.990200 914.052075 
0.991400 912.703592 
0.992600 911.359059 
0.993800 910.011954 
0.995000 908.668825 
0.996300 907.218242 
0.997500 905.883350 
0.998700 904.552385 
0.999900 903.219322 
1.001000 902.000362 
1.002000 900.895060 
1.004000 898.692543 
1.005000 897.595310 
1.006000 896.495508 
1.007000 895.398283 
1.008000 894.303725 
1.010000 892.122568 
1.011000 891.035952 
1.012000 889.948242 
1.013000 888.861649 
1.014000 887.777678 
1.016000 885.617575 
1.017000 884.541424 
1.018000 883.465798 
1.019000 882.389664 
1.020000 881.316114 
1.022000 879.176731 
1.023000 878.110881 
1.024000 877.047316 
1.025000 875.981446 
1.026000 874.918137 
1.028000 872.799102 
1.029000 871.743362 
1.030000 870.690132 
1.031000 869.636074 
1.032000 868.582850 
1.034000 866.483880 
1.035000 865.438121 
1.036000 864.394820 
1.037000 863.352851 
1.038000 862.309554 
1.040000 860.230284 
1.041000 859.194324 
1.042000 858.160798 
1.043000 857.129699 
1.045000 855.066181 
1.046000 854.037476 
1.047000 853.011161 
1.048000 851.987255 
1.049000 850.965726 
1.051000 848.923902 
1.052000 847.904802 
1.053000 846.888066 
1.054000 845.873690 
1.056000 843.851993 
1.057000 842.841335 
1.058000 841.831609 
1.059000 840.824225 
1.060000 839.819152 
1.062000 837.815990 
1.063000 836.817375 
1.064000 835.816893 
1.065000 834.818728 
1.066000 833.822876 
1.068000 831.837987 
1.069000 830.848939 
1.070000 829.860004 
1.071000 828.870958 
1.072000 827.884154 
1.074000 825.917340 
1.075000 824.937297 
1.076000 823.959471 
1.077000 822.980273 
1.078000 822.002412 
1.080000 820.053348 
1.081000 819.082158 
1.082000 818.113139 
1.083000 817.145920 
1.084000 816.176881 
1.086000 814.245323 
1.087000 813.282841 
1.088000 812.322485 
1.089000 811.364324 
1.090000 810.406859 
1.092000 808.492573 
1.093000 807.538660 
1.094000 806.586876 
1.095000 805.637217 
1.096000 804.689702 
1.098000 802.794505 
1.099000 801.849099 
1.100000 800.905779 
1.101000 799.964586 
1.103000 798.088469 
1.104000 797.150628 
1.105000 796.213548 
1.106000 795.278557 
1.107000 794.345650 
1.109000 792.485996 
1.110000 791.559263 
1.111000 790.631248 
1.112000 789.704474 
1.114000 787.857065 
1.115000 786.936397 
1.116000 786.017779 
1.117000 785.101158 
1.118000 784.182992 
1.120000 782.351700 
1.121000 781.439061 
1.122000 780.528406 
1.123000 779.619752 
1.124000 778.713096 
1.126000 776.898056 
1.127000 775.993305 
1.128000 775.090542 
1.129000 774.189738 
1.130000 773.290890 
1.132000 771.495573 
1.133000 770.598712 
1.134000 769.703796 
1.135000 768.810799 
1.136000 767.919738 
1.138000 766.143386 
1.139000 765.254856 
1.140000 764.367589 
1.141000 763.482245 
1.142000 762.598797 
1.144000 760.837593 
1.145000 759.959806 
1.146000 759.081159 
1.147000 758.203381 
1.148000 757.327482 
1.150000 755.581300 
1.151000 754.711010 
1.152000 753.842557 
1.153000 752.973783 
1.154000 752.105325 
1.156000 750.373953 
1.157000 749.511007 
1.158000 748.649905 
1.159000 747.790620 
1.161000 746.072509 
1.162000 745.215083 
1.163000 744.359488 
1.164000 743.505674 
1.165000 742.653661 
1.167000 740.954474 
1.168000 740.104285 
1.169000 739.255864 
1.170000 738.409232 
1.172000 736.721293 
1.173000 735.879978 
1.174000 735.040413 
1.175000 734.199538 
1.176000 733.360004 
1.178000 731.686168 
1.179000 730.851881 
1.180000 730.019305 
1.181000 729.188482 
1.182000 728.357484 
1.184000 726.697597 
1.185000 725.870227 
1.186000 725.044575 
1.187000 724.220637 
1.188000 723.398410 
1.190000 721.755130 
1.191000 720.934672 
1.192000 720.115894 
1.193000 719.298838 
1.194000 718.483432 
1.196000 716.857690 
1.197000 716.044801 
1.198000 715.232781 
1.199000 714.422445 
1.200000 713.613744 
1.202000 712.001347 
1.203000 711.197621 
1.204000 710.394582 
1.205000 709.590911 
1.206000 708.788905 
1.208000 707.189743 
1.209000 706.392602 
1.210000 705.597089 
1.211000 704.803202 
1.212000 704.008424 
1.214000 702.422351 
1.215000 701.631733 
1.216000 700.842730 
1.217000 700.055293 
1.219000 698.484539 
1.220000 697.698781 
1.221000 696.914627 
1.222000 696.132052 
1.223000 695.351030 
1.225000 693.793744 
1.226000 693.017450 
1.227000 692.240829 
1.228000 691.464600 
1.230000 689.916846 
1.231000 689.145292 
1.232000 688.375290 
1.233000 687.606793 
1.234000 686.839863 
1.236000 685.304707 
1.237000 684.539375 
1.238000 683.775582 
1.239000 683.013302 
1.240000 682.252510 
1.242000 680.734731 
1.243000 679.975598 
1.244000 679.217968 
1.245000 678.461839 
1.246000 677.707208 
1.248000 676.202402 
1.249000 675.452242 
1.250000 674.702084 
1.251000 673.952042 
1.252000 673.203442 
1.254000 671.710703 
1.255000 670.966538 
1.256000 670.223844 
1.257000 669.482597 
1.258000 668.740789 
1.260000 667.260065 
1.261000 666.521706 
1.262000 665.784850 
1.263000 665.049492 
1.264000 664.315631 
1.266000 662.849809 
1.267000 662.117519 
1.268000 661.386506 
1.269000 660.657193 
1.270000 659.929150 
1.272000 658.477291 
1.273000 657.753470 
1.274000 657.028481 
1.275000 656.304711 
1.277000 654.861583 
1.278000 654.142007 
1.279000 653.424105 
1.280000 652.707241 
1.281000 651.991941 
1.283000 650.560073 
1.284000 649.846427 
1.285000 649.134021 
1.286000 648.422852 
1.288000 647.004848 
1.289000 646.297886 
1.290000 645.589728 
1.291000 644.883009 
1.292000 644.177516 
1.294000 642.770618 
1.295000 642.069207 
1.296000 641.369221 
1.297000 640.670439 
1.298000 639.970584 
1.300000 638.574718 
1.301000 637.878911 
1.302000 637.184309 
1.303000 636.491118 
1.304000 635.799127 
1.306000 634.416967 
1.307000 633.726584 
1.308000 633.037602 
1.309000 632.349813 
1.310000 631.663213 
1.312000 630.294192 
1.313000 629.611559 
1.314000 628.928278 
1.315000 628.245829 
1.316000 627.564765 
1.318000 626.206370 
1.319000 625.529035 
1.320000 624.853074 
1.321000 624.178281 
1.322000 623.503326 
1.324000 622.155545 
1.325000 621.483501 
1.326000 620.812821 
1.327000 620.143298 
1.328000 619.474929 
1.330000 618.141525 
1.331000 617.474567 
1.332000 616.809167 
1.333000 616.144913 
1.335000 614.819837 
1.336000 614.159213 
1.337000 613.499930 
1.338000 612.841718 
1.339000 612.182491 
1.341000 610.867846 
1.342000 610.212423 
1.343000 609.558127 
1.344000 608.904957 
1.346000 607.602388 
1.347000 606.951526 
1.348000 606.301098 
1.349000 605.651990 
1.350000 605.003797 
1.352000 603.711353 
1.353000 603.066896 
1.354000 602.423547 
1.355000 601.780915 
1.356000 601.137871 
1.358000 599.855295 
1.359000 599.215758 
1.360000 598.577519 
1.361000 597.940375 
1.362000 597.304324 
1.364000 596.034026 
1.365000 595.399425 
1.366000 594.766112 
1.367000 594.133886 
1.368000 593.502743 
1.370000 592.243900 
1.371000 591.616196 
1.372000 590.989125 
1.373000 590.361769 
1.374000 589.735488 
1.376000 588.486341 
1.377000 587.863470 
1.378000 587.241666 
1.379000 586.620927 
1.380000 586.001446 
1.382000 584.762468 
1.383000 584.144240 
1.384000 583.527266 
1.385000 582.911348 
1.386000 582.296680 
1.388000 581.070300 
1.389000 580.458695 
1.390000 579.846325 
1.391000 579.235198 
1.393000 578.016076 
1.394000 577.408077 
1.395000 576.801312 
1.396000 576.195584 
1.397000 575.590890 
1.399000 574.382100 
1.400000 573.778878 
1.401000 573.176686 
1.402000 572.575523 
1.403000 571.975386 
1.405000 570.778571 
1.406000 570.181694 
1.407000 569.584466 
1.408000 568.987826 
1.410000 567.797984 
1.411000 567.204585 
1.412000 566.612199 
1.413000 566.020822 
1.414000 565.430646 
1.416000 564.251425 
1.417000 563.662546 
1.418000 563.074863 
1.419000 562.487990 
1.420000 561.902309 
1.422000 560.733747 
1.423000 560.151055 
1.424000 559.569088 
1.425000 558.986671 
1.426000 558.405437 
1.428000 557.245748 
1.429000 556.667479 
1.430000 556.090194 
1.431000 555.513892 
1.432000 554.938571 
1.434000 553.788794 
1.435000 553.214970 
1.436000 552.642122 
1.437000 552.070059 
1.438000 551.499159 
1.440000 550.360270 
1.441000 549.792278 
1.442000 549.224719 
1.443000 548.657238 
1.444000 548.090533 
1.446000 546.960200 
1.447000 546.396569 
1.448000 545.833707 
1.449000 545.271990 
1.451000 544.150899 
1.452000 543.590493 
1.453000 543.031040 
1.454000 542.472538 
1.455000 541.914984 
1.457000 540.802716 
1.458000 540.248185 
1.459000 539.694408 
1.460000 539.141144 
1.462000 538.035451 
1.463000 537.484105 
1.464000 536.933509 
1.465000 536.384033 
1.466000 535.835304 
1.468000 534.740823 
1.469000 534.194812 
1.470000 533.648516 
1.471000 533.102962 
1.472000 532.558518 
1.474000 531.472216 
1.475000 530.930538 
1.476000 530.389595 
1.477000 529.849752 
1.478000 529.310813 
1.480000 528.232662 
1.481000 527.694865 
1.482000 527.158163 
1.483000 526.622188 
1.484000 526.087304 
1.486000 525.020072 
1.487000 524.487720 
1.488000 523.955362 
1.489000 523.423427 
1.490000 522.892393 
1.492000 521.833204 
1.493000 521.304864 
1.494000 520.777419 
1.495000 520.250867 
1.496000 519.725206 
1.498000 518.674545 
1.499000 518.150219 
1.500000 517.626600 
1.501000 517.104048 
1.502000 516.582380 
1.504000 515.541512 
1.505000 515.022309 
1.506000 514.503765 
1.507000 513.985008 
1.509000 512.950306 
1.510000 512.434177 
1.511000 511.918743 
1.512000 511.404360 
1.513000 510.890847 
1.515000 509.866245 
1.516000 509.354175 
1.517000 508.842679 
1.518000 508.332048 
1.519000 507.822281 
1.521000 506.805331 
1.522000 506.297967 
1.523000 505.791638 
1.524000 505.285988 
1.526000 504.275825 
1.527000 503.771519 
1.528000 503.267888 
1.529000 502.765285 
1.530000 502.263531 
1.532000 501.262214 
1.533000 500.762823 
1.534000 500.264276 
1.535000 499.765610 
1.536000 499.267549 
1.538000 498.273773 
1.539000 497.778056 
1.540000 497.283177 
1.541000 496.789133 
1.542000 496.295749 
1.544000 495.311388 
1.545000 494.819345 
1.546000 494.328133 
1.547000 493.837750 
1.548000 493.348021 
1.550000 492.371215 
1.551000 491.883962 
1.552000 491.397531 
1.553000 490.911748 
1.554000 490.426289 
1.556000 489.456575 
1.557000 488.972946 
1.558000 488.489959 
1.559000 488.007960 
1.560000 487.526603 
1.562000 486.566322 
1.563000 486.087224 
1.564000 485.608122 
1.565000 485.129550 
1.567000 484.174656 
1.568000 483.698330 
1.569000 483.222980 
1.570000 482.748089 
1.571000 482.274170 
1.573000 481.328400 
1.574000 480.855646 
1.575000 480.383518 
1.576000 479.912357 
1.577000 479.441821 
1.579000 478.503127 
1.580000 478.034796 
1.581000 477.567255 
1.582000 477.100502 
1.584000 476.167831 
1.585000 475.702251 
1.586000 475.237457 
1.587000 474.773446 
1.588000 474.310047 
1.590000 473.385593 
1.591000 472.924365 
1.592000 472.463915 
1.593000 472.003784 
1.594000 471.543889 
1.596000 470.626086 
1.597000 470.168345 
1.598000 469.711206 
1.599000 469.254838 
1.600000 468.799240 
1.602000 467.890176 
1.603000 467.436207 
1.604000 466.982372 
1.605000 466.529470 
1.606000 466.077163 
1.608000 465.174669 
1.609000 464.724478 
1.610000 464.274879 
1.611000 463.826204 
1.612000 463.378118 
1.614000 462.482633 
1.615000 462.035717 
1.616000 461.589387 
1.617000 461.143975 
1.618000 460.699148 
1.620000 459.811574 
1.621000 459.368826 
1.622000 458.926823 
1.623000 458.484983 
1.625000 457.602389 
1.626000 457.162289 
1.627000 456.722601 
1.628000 456.283818 
1.629000 455.845609 
1.631000 454.971241 
1.632000 454.535079 
1.633000 454.099358 
1.634000 453.663623 
1.636000 452.794354 
1.637000 452.360653 
1.638000 451.927683 
1.639000 451.495279 
1.640000 451.063766 
1.642000 450.202267 
1.643000 449.772480 
1.644000 449.342686 
1.645000 448.913455 
1.646000 448.484945 
1.648000 447.629766 
1.649000 447.203094 
1.650000 446.777302 
1.651000 446.351904 
1.652000 445.927383 
1.654000 445.079269 
1.655000 444.655750 
1.656000 444.232945 
1.657000 443.810690 
1.658000 443.389146 
1.660000 442.547865 
1.661000 442.128287 
1.662000 441.709254 
1.663000 441.290926 
1.664000 440.872678 
1.666000 440.037458 
1.667000 439.620822 
1.668000 439.204888 
1.669000 438.789494 
1.670000 438.374640 
1.672000 437.547026 
1.673000 437.134263 
1.674000 436.721722 
1.675000 436.309414 
1.676000 435.897641 
1.678000 435.075857 
1.679000 434.666001 
1.680000 434.256678 
1.681000 433.848044 
1.683000 433.032521 
1.684000 432.625631 
1.685000 432.218858 
1.686000 431.812429 
1.687000 431.406683 
1.689000 430.597083 
1.690000 430.193069 
1.691000 429.789735 
1.692000 429.386924 
1.694000 428.583333 
1.695000 428.182215 
1.696000 427.781221 
1.697000 427.380745 
1.698000 426.980787 
1.700000 426.182890 
1.701000 425.784793 
1.702000 425.387210 
1.703000 424.990452 
1.704000 424.594051 
1.706000 423.802779 
1.707000 423.407521 
1.708000 423.012773 
1.709000 422.618690 
1.710000 422.225270 
1.712000 421.439952 
1.713000 421.048207 
1.714000 420.657121 
1.715000 420.266540 
1.716000 419.876441 
1.718000 419.096722 
1.719000 418.707770 
1.720000 418.319472 
1.721000 417.931521 
1.722000 417.544377 
1.724000 416.771429 
1.725000 416.385931 
1.726000 416.000929 
1.727000 415.616362 
1.728000 415.231838 
1.730000 414.464426 
1.731000 414.081537 
1.732000 413.699292 
1.733000 413.317539 
1.734000 412.936428 
1.736000 412.175827 
1.737000 411.796335 
1.738000 411.416978 
1.739000 411.037966 
1.740000 410.659594 
1.742000 409.904154 
1.743000 409.527387 
1.744000 409.151105 
1.745000 408.775456 
1.747000 408.025602 
1.748000 407.651547 
1.749000 407.277530 
1.750000 406.903958 
1.751000 406.530865 
1.753000 405.786263 
1.754000 405.414753 
1.755000 405.043868 
1.756000 404.673458 
1.758000 403.934211 
1.759000 403.565520 
1.760000 403.196669 
1.761000 402.828315 
1.762000 402.460581 
1.764000 401.726525 
1.765000 401.360350 
1.766000 400.994643 
1.767000 400.629552 
1.768000 400.264780 
1.770000 399.537077 
1.771000 399.173513 
1.772000 398.810453 
1.773000 398.447857 
1.774000 398.085725 
1.776000 397.362995 
1.777000 397.002543 
1.778000 396.642404 
1.779000 396.283018 
1.780000 395.923945 
1.782000 395.207026 
1.783000 394.849049 
1.784000 394.491383 
1.785000 394.134467 
1.786000 393.777859 
1.788000 393.066445 
1.789000 392.711491 
1.790000 392.356990 
1.791000 392.002940 
1.792000 391.649487 
1.794000 390.943152 
1.795000 390.590492 
1.796000 390.238571 
1.797000 389.886953 
1.799000 389.185350 
1.800000 388.835363 
1.801000 388.485822 
1.802000 388.136724 
1.803000 387.788216 
1.805000 387.091733 
1.806000 386.744159 
1.807000 386.396882 
1.808000 386.050335 
1.810000 385.358418 
1.811000 385.013190 
1.812000 384.668545 
1.813000 384.324338 
1.814000 383.980568 
1.816000 383.293987 
1.817000 382.951147 
1.818000 382.608742 
1.819000 382.266915 
1.820000 381.925522 
1.822000 381.244178 
1.823000 380.904225 
1.824000 380.564846 
1.825000 380.225755 
1.826000 379.887236 
1.828000 379.210659 
1.829000 378.873058 
1.830000 378.535886 
1.831000 378.199282 
1.832000 377.862963 
1.834000 377.192027 
1.835000 376.857126 
1.836000 376.522790 
1.837000 376.188878 
1.838000 375.855282 
1.840000 375.188864 
1.841000 374.856287 
1.842000 374.524273 
1.843000 374.192678 
1.844000 373.861503 
1.846000 373.200549 
1.847000 372.870769 
1.848000 372.541406 
1.849000 372.212583 
1.850000 371.883710 
1.852000 371.227212 
1.853000 370.899725 
1.854000 370.572652 
1.855000 370.245992 
1.857000 369.594048 
1.858000 369.268764 
1.859000 368.943890 
1.860000 368.619565 
1.861000 368.295279 
1.863000 367.647743 
1.864000 367.324727 
1.865000 367.002118 
1.866000 366.679916 
1.867000 366.358121 
1.869000 365.715886 
1.870000 365.395445 
1.871000 365.075408 
1.872000 364.755911 
1.874000 364.117134 
1.875000 363.798393 
1.876000 363.480190 
1.877000 363.162252 
1.878000 362.844851 
1.880000 362.211385 
1.881000 361.895182 
1.882000 361.579514 
1.883000 361.264244 
1.884000 360.949279 
1.886000 360.319976 
1.887000 360.005986 
1.888000 359.692392 
1.889000 359.379192 
1.890000 359.066523 
1.892000 358.442363 
1.893000 358.130872 
1.894000 357.819773 
1.895000 357.509200 
1.896000 357.198825 
1.898000 356.578775 
1.899000 356.269335 
1.900000 355.960418 
1.901000 355.651890 
1.902000 355.343749 
1.904000 354.728764 
1.905000 354.421783 
1.906000 354.115323 
1.907000 353.809247 
1.908000 353.503296 
1.910000 352.892365 
1.911000 352.587542 
1.912000 352.283102 
1.913000 351.979044 
1.915000 351.372205 
1.916000 351.069424 
1.917000 350.767022 
1.918000 350.465000 
1.919000 350.163356 
1.921000 349.560640 
1.922000 349.259859 
1.923000 348.959455 
1.924000 348.659427 
1.925000 348.359908 
1.927000 347.761864 
1.928000 347.463470 
1.929000 347.165450 
1.930000 346.867803 
1.932000 346.273468 
1.933000 345.976547 
1.934000 345.680129 
1.935000 345.384082 
1.936000 345.088406 
1.938000 344.498296 
1.939000 344.203861 
1.940000 343.909794 
1.941000 343.616095 
1.942000 343.322764 
1.944000 342.736937 
1.945000 342.444454 
1.946000 342.152338 
1.947000 341.860456 
1.948000 341.569069 
1.950000 340.987520 
1.951000 340.697225 
1.952000 340.407424 
1.953000 340.117985 
1.954000 339.828777 
1.956000 339.251495 
1.957000 338.963259 
1.958000 338.675254 
1.959000 338.387737 
1.960000 338.100451 
1.962000 337.527213 
1.963000 337.241131 
1.964000 336.955406 
1.965000 336.670038 
1.966000 336.385155 
1.968000 335.816195 
1.969000 335.532017 
1.970000 335.248195 
1.971000 334.964726 
1.973000 334.398850 
1.974000 334.116569 
1.975000 333.834513 
1.976000 333.552936 
1.977000 333.271583 
1.979000 332.710184 
1.980000 332.429979 
1.981000 332.149803 
1.982000 331.869975 
1.983000 331.590624 
1.985000 331.032839 
1.986000 330.754531 
1.987000 330.476444 
1.988000 330.198829 
1.990000 329.644638 
1.991000 329.368060 
1.992000 329.091953 
1.993000 328.815814 
1.994000 328.539928 
1.996000 327.989440 
1.997000 327.714583 
1.998000 327.440195 
1.999000 327.166148 
2.000000 326.892443 
2.002000 326.346054 
2.003000 326.073495 
2.004000 325.801149 
2.005000 325.529043 
2.006000 325.257170 
2.008000 324.714314 
2.009000 324.443454 
2.010000 324.172806 
2.011000 323.902620 
2.013000 323.363256 
2.014000 323.094077 
2.015000 322.825232 
2.016000 322.556846 
2.017000 322.288669 
2.018000 322.020572 
2.020000 321.485367 
2.021000 321.218326 
2.022000 320.951492 
2.023000 320.685114 
2.025000 320.153350 
2.026000 319.887963 
2.027000 319.622906 
2.028000 319.358055 
2.029000 319.093779 
2.030000 318.829645 
2.032000 318.301863 
2.033000 318.038464 
2.034000 317.775515 
2.035000 317.512769 
2.037000 316.988378 
2.038000 316.726609 
2.039000 316.465287 
2.040000 316.204168 
2.041000 315.943495 
2.043000 315.422834 
2.044000 315.162831 
2.045000 314.903149 
2.046000 314.643790 
2.047000 314.384753 
2.049000 313.867519 
2.050000 313.609445 
2.051000 313.351690 
2.052000 313.094254 
2.054000 312.580462 
2.055000 312.323983 
2.056000 312.067589 
2.057000 311.811453 
2.058000 311.555633 
2.060000 311.045066 
2.061000 310.790197 
2.062000 310.535643 
2.063000 310.281526 
2.064000 310.027602 
2.066000 309.520819 
2.067000 309.267838 
2.068000 309.015290 
2.069000 308.762660 
2.070000 308.510455 
2.072000 308.006740 
2.073000 307.755470 
2.074000 307.504392 
2.075000 307.253744 
2.076000 307.003406 
2.078000 306.503540 
2.079000 306.254011 
2.080000 306.004910 
2.081000 305.755981 
2.082000 305.507221 
2.084000 305.010505 
2.085000 304.762549 
2.086000 304.515017 
2.087000 304.267792 
2.089000 303.774141 
2.090000 303.527714 
2.091000 303.281710 
2.092000 303.035891 
2.093000 302.790495 
2.095000 302.300211 
2.096000 302.055344 
2.097000 301.810897 
2.098000 301.566635 
2.100000 301.079133 
2.101000 300.835775 
2.102000 300.592835 
2.103000 300.350078 
2.104000 300.107738 
2.106000 299.623722 
2.107000 299.382277 
2.108000 299.140758 
2.109000 298.899537 
2.110000 298.658614 
2.112000 298.177778 
2.113000 297.937747 
2.114000 297.698012 
2.115000 297.458573 
2.116000 297.219430 
2.118000 296.742029 
2.119000 296.503770 
2.120000 296.265806 
2.121000 296.027921 
2.122000 295.790296 
2.124000 295.315926 
2.125000 295.079181 
2.126000 294.842611 
2.127000 294.606449 
2.128000 294.370579 
2.130000 293.899595 
2.131000 293.664597 
2.132000 293.429773 
2.133000 293.195239 
2.134000 292.960957 
2.136000 292.492971 
2.137000 292.259354 
2.138000 292.026024 
2.139000 291.792983 
2.140000 291.560228 
2.142000 291.095580 
2.143000 290.863686 
2.144000 290.632077 
2.145000 290.400754 
2.147000 289.938889 
2.148000 289.708077 
2.149000 289.477664 
2.150000 289.247421 
2.151000 289.017575 
2.153000 288.558619 
2.154000 288.329509 
2.155000 288.100680 
2.156000 287.872134 
2.157000 287.643983 
2.159000 287.188296 
2.160000 286.960761 
2.161000 286.733413 
2.162000 286.506329 
2.164000 286.052886 
2.165000 285.826640 
2.166000 285.600560 
2.167000 285.374871 
2.168000 285.149347 
2.170000 284.699245 
2.171000 284.474553 
2.172000 284.250138 
2.173000 284.025999 
2.174000 283.802040 
2.176000 283.354602 
2.177000 283.131352 
2.178000 282.908265 
2.179000 282.685565 
2.180000 282.463027 
2.182000 282.018883 
2.183000 281.797165 
2.184000 281.575720 
2.185000 281.354548 
2.186000 281.133536 
2.188000 280.692371 
2.189000 280.471972 
2.190000 280.251954 
2.191000 280.032097 
2.192000 279.812621 
2.194000 279.374256 
2.195000 279.155478 
2.196000 278.936970 
2.197000 278.718619 
2.198000 278.500647 
2.200000 278.065398 
2.201000 277.848182 
2.202000 277.630974 
2.203000 277.414033 
2.204000 277.197359 
2.206000 276.764810 
2.207000 276.548934 
2.208000 276.333213 
2.209000 276.117868 
2.211000 275.687861 
2.212000 275.473199 
2.213000 275.258801 
2.214000 275.044666 
2.215000 274.830701 
2.217000 274.403264 
2.218000 274.189993 
2.219000 273.976876 
2.220000 273.764021 
2.222000 273.339095 
2.223000 273.127024 
2.224000 272.915213 
2.225000 272.703662 
2.226000 272.492262 
2.228000 272.070351 
2.229000 271.859607 
2.230000 271.649066 
2.231000 271.438783 
2.232000 271.228759 
2.234000 270.809377 
2.235000 270.600125 
2.236000 270.391023 
2.237000 270.182178 
2.238000 269.973589 
2.240000 269.557180 
2.241000 269.349251 
2.242000 269.141685 
2.243000 268.934133 
2.244000 268.726799 
2.246000 268.312895 
2.247000 268.106324 
2.248000 267.900006 
2.249000 267.693835 
2.250000 267.488023 
2.252000 267.076945 
2.253000 266.871784 
2.254000 266.666874 
2.255000 266.462217 
2.256000 266.257704 
2.258000 265.849248 
2.259000 265.645327 
2.260000 265.441655 
2.261000 265.238127 
2.263000 264.831927 
2.264000 264.629253 
2.265000 264.426723 
2.266000 264.224440 
2.267000 264.022406 
2.269000 263.618976 
2.270000 263.417579 
2.271000 263.216425 
2.272000 263.015369 
2.273000 262.814559 
2.275000 262.413573 
2.276000 262.213397 
2.277000 262.013570 
2.278000 261.813884 
2.280000 261.415247 
2.281000 261.216190 
2.282000 261.017482 
2.283000 260.818913 
2.284000 260.620587 
2.286000 260.224443 
2.287000 260.026599 
2.288000 259.829101 
2.289000 259.631741 
2.290000 259.434623 
2.292000 259.041113 
2.293000 258.844615 
2.294000 258.648462 
2.295000 258.452446 
2.296000 258.256670 
2.298000 257.865838 
2.299000 257.670639 
2.300000 257.475685 
2.301000 257.280867 
2.302000 257.086288 
2.304000 256.697741 
2.305000 256.503876 
2.306000 256.310147 
2.307000 256.116654 
2.308000 255.923398 
2.310000 255.537495 
2.311000 255.344949 
2.312000 255.152537 
2.313000 254.960360 
2.314000 254.768196 
2.316000 254.384662 
2.317000 254.193298 
2.318000 254.002067 
2.319000 253.811070 
2.320000 253.620205 
2.322000 253.239278 
2.323000 253.049114 
2.324000 252.859182 
2.325000 252.669382 
2.327000 252.290579 
2.328000 252.101415 
2.329000 251.912424 
2.330000 251.723665 
2.331000 251.535035 
2.333000 251.158570 
2.334000 250.970532 
2.335000 250.782825 
2.336000 250.595348 
2.337000 250.408000 
2.339000 250.033991 
2.340000 249.847230 
2.341000 249.660797 
2.342000 249.474493 
2.344000 249.102348 
2.345000 248.916617 
2.346000 248.731013 
2.347000 248.545636 
2.348000 248.360486 
2.350000 247.990766 
2.351000 247.806295 
2.352000 247.621951 
2.353000 247.437832 
2.354000 247.253839 
2.356000 246.886627 
2.357000 246.703270 
2.358000 246.520075 
2.359000 246.337103 
2.360000 246.154256 
2.362000 245.789234 
2.363000 245.607058 
2.364000 245.425006 
2.365000 245.243275 
2.366000 245.061668 
2.368000 244.699022 
2.369000 244.517983 
2.370000 244.337263 
2.371000 244.156568 
2.372000 243.976130 
2.374000 243.615755 
2.375000 243.435850 
2.376000 243.256165 
2.377000 243.076601 
2.378000 242.897257 
2.380000 242.539227 
2.381000 242.360540 
2.382000 242.181975 
2.383000 242.003725 
2.385000 241.647587 
2.386000 241.469894 
2.387000 241.292246 
2.388000 241.114804 
2.389000 240.937580 
2.391000 240.583587 
2.392000 240.406915 
2.393000 240.230459 
2.394000 240.054219 
2.396000 239.702192 
2.397000 239.526501 
2.398000 239.350929 
2.399000 239.175667 
2.400000 239.000524 
2.402000 238.650709 
2.403000 238.476036 
2.404000 238.301576 
2.405000 238.127330 
2.406000 237.953297 
2.408000 237.605677 
2.409000 237.432186 
2.410000 237.258907 
2.411000 237.085744 
2.412000 236.912792 
2.414000 236.567428 
2.415000 236.395110 
2.416000 236.222908 
